100770 72 12
101199 70 16
101332 55 30
102060 53 8
102313 55 28
102727 77 14
103818 45 17
104333 46 15
104502 57 11
104596 42 12
104665 42 18
105754 67 11
105768 43 18
105780 64 15
106024 39 8
106140 53 12
106703 34 4
10676 42 17
107187 50 15
107328 77 8
108593 50 6
108663 40 14
109047 45 13
109291 58 13
109382 35 7
109551 45 8
109597 67 15
1097 26 12
110516 59 28
110669 53 8
110795 58 11
110977 67 22
11120 68 14
111214 46 12
111288 93 21
111528 43 15
111782 38 9
112236 65 14
112510 55 16
112917 76 32
113149 38 7
113248 43 16
113829 41 3
114042 28 13
114094 98 22
114111 61 14
114170 78 14
114364 56 13
114509 64 12
114950 53 7
115094 34 6
115299 63 10
116078 46 9
116498 50 8
116651 47 14
116676 40 8
117135 57 11
117154 53 10
117473 52 18
117628 40 4
119265 42 14
119476 52 6
119700 44 15
119719 67 17
119874 39 9
120117 34 13
120192 50 13
120516 54 25
120711 51 13
121087 36 1
121115 64 10
121496 47 11
121649 34 12
121650 37 13
122411 49 10
122976 42 14
1230 42 12
123466 46 4
123888 53 10
124112 43 13
124437 33 10
124800 60 12
124887 65 6
125046 38 24
126045 68 26
12646 65 15
127416 46 10
127678 38 12
128158 54 8
128636 62 8
129752 57 15
129865 51 13
130319 63 10
130437 54 14
130461 37 8
130614 43 3
130728 45 11
130739 44 10
130799 50 8
130811 38 11
131854 48 7
13191 78 31
132315 41 6
132388 43 10
132716 41 13
133117 39 19
133493 40 8
134433 70 14
134503 53 11
134690 54 14
134903 54 17
13542 59 8
135450 40 13
135652 63 12
136092 58 10
136238 57 8
136354 49 12
137081 59 10
137443 83 14
137878 42 4
138408 56 19
13841 38 4
139342 41 16
139512 48 11
139667 57 15
13990 25 7
141153 65 9
141173 54 18
141237 64 24
141345 61 16
141468 48 14
141502 38 18
141749 41 18
141757 52 10
142033 84 19
142096 55 11
142888 54 20
142988 69 29
143069 47 9
143074 62 19
143440 38 16
144769 49 13
14522 45 12
145908 59 14
145973 34 8
146353 75 16
146476 54 13
148052 51 8
1481 53 14
148163 56 8
148486 45 12
148940 39 14
149434 59 11
14991 42 28
150946 66 18
151566 58 18
151909 35 8
15247 61 11
153094 83 16
153657 41 8
154565 61 14
154621 39 11
154810 55 14
154936 36 16
15660 79 12
15690 46 11
15789 32 13
16872 42 11
17885 37 11
17904 60 18
1806 61 11
18230 53 24
18689 50 12
19715 40 9
20240 78 22
20287 38 16
20532 52 11
20544 61 18
21286 64 21
21720 32 8
21762 50 11
22442 45 12
2280 63 9
22818 86 21
22968 47 6
22996 35 7
23060 42 7
23077 38 7
23731 53 19
23930 62 9
24034 53 20
24108 43 8
24464 66 7
24771 40 12
25400 64 8
26268 49 11
26568 46 8
26618 68 16
26864 46 4
27281 36 6
27915 55 15
28795 53 17
29195 59 21
29374 56 12
29485 41 13
29678 27 11
29874 74 28
30366 77 17
30371 53 15
30554 58 13
31830 47 7
3190 40 11
31985 41 12
3212 43 7
32514 74 26
33711 44 14
33816 40 16
34136 60 11
34291 58 21
34318 47 9
3450 42 11
34697 36 14
34744 47 13
35417 30 12
35452 43 9
35505 84 16
35677 56 18
3578 36 5
36080 47 17
36195 44 6
36430 25 16
36485 44 7
36736 44 11
37122 69 6
3723 61 9
37653 54 15
37654 33 13
37789 17 3
39503 73 12
39729 32 15
40768 69 10
40908 47 22
40959 62 8
4131 39 17
44178 54 7
44982 72 12
45739 49 10
45976 44 14
46025 40 11
46411 40 18
46877 36 6
47320 44 9
47492 68 13
48073 63 8
48340 51 8
49333 55 13
49640 46 10
50034 53 26
50375 32 9
50382 41 13
5116 50 9
51962 40 14
52549 42 14
52666 34 12
53186 81 10
5410 52 16
54383 62 10
54593 67 10
5494 53 9
54944 46 12
5512 41 9
55279 44 11
55462 82 18
55513 49 18
56354 46 15
57204 45 9
57278 72 22
57717 66 19
57832 56 12
58242 55 17
59148 30 14
59380 58 14
59382 38 12
59395 44 8
59446 52 9
59721 29 11
60473 59 14
60643 60 13
6160 59 7
61600 49 16
61747 38 14
62121 79 20
62377 40 16
62630 28 5
62905 38 11
63768 60 14
64166 88 16
64325 65 24
64417 35 5
64744 47 9
65142 67 16
65385 57 12
66084 48 12
66987 62 14
67028 31 7
67245 29 11
675 51 19
6865 55 13
7017 65 11
70264 38 6
70509 44 16
70975 61 21
71609 52 10
71735 52 7
71851 54 13
72365 58 9
72669 45 11
74320 70 19
74349 53 12
76145 44 11
76323 77 13
76504 27 5
77835 50 11
78192 69 16
78500 54 10
78675 47 9
79155 46 10
79709 72 6
79866 57 8
80108 44 7
80405 52 12
80577 50 13
80905 75 14
81371 55 11
8147 78 27
8185 66 10
82362 49 12
83148 76 17
83165 66 13
83256 30 12
83335 51 9
83353 34 15
83632 49 12
83989 41 20
84228 51 20
84490 47 14
84737 58 18
84749 61 19
85117 62 14
85432 57 14
86349 59 8
86822 53 5
86863 61 21
86868 43 7
87089 64 21
87422 61 14
88246 87 25
89833 65 17
90450 55 14
91198 55 6
91258 64 23
91410 111 10
91585 43 12
91606 37 9
9165 52 10
91671 49 12
92192 68 14
92501 49 14
92812 80 18
93058 57 13
93086 43 4
93229 45 12
93758 42 12
94024 43 11
94281 50 11
94946 51 14
96106 33 9
96471 52 8
96520 42 11
96717 34 19
9737 69 20
97566 39 10
97789 39 13
98228 67 10
98306 45 11
98572 71 15
98860 47 10
99197 38 10
99379 38 8
99383 44 9
99703 43 11
99731 49 10
9975 47 9
99776 66 10
99872 52 11
99984 91 12
